input_file=rwfd.txt
N_words=202
V_unique=99
lexical_diversity=0.4900990099
trigram_repetition=0.0550000000
