input_file=seeing_theory.txt
N_words=2323
V_unique=648
lexical_diversity=0.2789496341
trigram_repetition=0.0926324860
